(0|1)
(0|2)
(1|2)
(1|3)
(1|4)
(0|4)
(0|5)
(0|6)
(1|6)
(2|6)
(2|7)
(3|7)
(4|7)
(4|8)
(4|9)
(4|10)
(4|11)
(4|12)
(5|12)
(5|13)
(5|14)
(4|14)
(4|15)
(5|15)
(6|15)
(6|14)
(6|13)
(6|12)
(7|12)
(7|13)
(7|14)
(8|14)
(8|15)
(9|15)
(9|16)
(10|16)
(10|15)
(11|15)
(11|14)
(12|14)
(12|15)
(12|16)
(12|17)
(13|17)
(13|18)
(13|19)
(14|19)
(14|18)
(14|17)
(15|17)
(15|18)
(16|18)
(17|18)
(17|19)
(17|20)
(16|20)
(16|21)
(17|21)
(17|22)
(17|23)
(16|23)
(15|23)
(15|22)
(16|22)
(15|22)
(14|22)
(14|21)
(15|21)
(15|20)
(14|20)
(13|20)
(13|21)
(13|22)
(12|22)
(11|22)
(11|21)
(10|21)
(10|22)
(9|22)
(9|21)
(8|21)
(8|22)
(7|22)
(6|22)
(6|21)
(5|21)
(4|21)
(4|22)
(4|23)
(5|23)
(5|24)
(4|24)
(4|25)
(3|25)
(3|26)
(2|26)
(1|26)
(1|27)
(0|27)
(0|28)
(1|28)
(1|29)
(2|29)
(3|29)
(3|28)
(3|27)
(4|27)
(4|28)
(4|29)
(5|29)
(5|30)
(5|31)
(6|31)
(7|31)
(7|32)
(8|32)
(8|33)
(8|34)
(7|34)
(7|35)
(6|35)
(6|34)
(5|34)
(5|33)
(4|33)
(3|33)
(2|33)
(2|32)
(3|32)
(4|32)
(5|32)
(6|32)
(6|33)
(7|33)
(4|32)
(4|31)
(4|30)
(3|30)
(2|30)
(1|30)
(1|31)
(2|31)
(3|31)
(1|31)
(1|32)
(0|32)
(0|33)
(0|34)
(0|35)
(1|35)
(1|34)
(2|34)
(3|34)
(3|35)
(3|36)
(2|36)
(2|37)
(2|38)
(1|38)
(1|37)
(0|37)
(0|38)
(0|39)
(1|39)
(1|40)
(2|40)
(2|41)
(3|41)
(3|40)
(4|40)
(5|40)
(6|40)
(6|39)
(5|39)
(5|38)
(4|38)
(4|37)
(3|37)
(3|38)
(3|39)
(4|39)
(3|39)
(2|39)
(3|39)
(3|38)
(3|37)
(4|37)
(4|36)
(5|36)
(6|36)
(7|36)
(8|36)
(8|37)
(8|38)
(9|38)
(9|37)
(9|36)
(9|35)
(10|35)
(10|34)
(10|33)
(11|33)
(11|32)
(11|31)
(10|31)
(10|32)
(9|32)
(9|33)
(9|34)
(9|32)
(9|31)
(8|31)
(8|30)
(8|29)
(9|29)
(9|30)
(10|30)
(11|30)
(12|30)
(13|30)
(13|31)
(12|31)
(12|32)
(12|33)
(12|34)
(11|34)
(11|35)
(11|36)
(10|36)
(10|37)
(11|37)
(11|38)
(10|38)
(10|39)
(11|39)
(12|39)
(13|39)
(13|40)
(13|41)
(12|41)
(12|42)
(11|42)
(11|41)
(11|40)
(12|40)
(11|40)
(10|40)
(10|41)
(10|42)
(10|43)
(10|44)
(9|44)
(8|44)
(8|45)
(8|46)
(9|46)
(10|46)
(10|45)
(11|45)
(11|44)
(11|43)
(12|43)
(12|44)
(13|44)
(14|44)
(14|43)
(14|42)
(13|42)
(13|43)
(14|42)
(14|41)
(14|40)
(14|39)
(15|39)
(15|40)
(16|40)
(17|40)
(18|40)
(19|40)
(19|39)
(20|39)
(21|39)
(21|40)
(21|41)
(21|42)
(21|43)
(22|43)
(22|42)
(23|42)
(23|41)
(22|41)
(22|40)
(22|39)
(22|38)
(22|37)
(23|37)
(23|36)
(22|36)
(22|35)
(22|34)
(23|34)
(23|35)
(24|35)
(24|34)
(25|34)
(25|35)
(26|35)
(26|34)
(26|33)
(25|33)
(24|33)
(24|32)
(25|32)
(25|31)
(25|30)
(25|29)
(25|28)
(26|28)
(26|29)
(26|30)
(27|30)
(27|31)
(26|31)
(26|32)
(27|32)
(27|33)
(28|33)
(29|33)
(29|34)
(30|34)
(30|33)
(30|32)
(31|32)
(31|31)
(32|31)
(32|30)
(33|30)
(33|31)
(33|32)
(32|32)
(32|33)
(32|34)
(31|34)
(31|35)
(30|35)
(30|36)
(29|36)
(28|36)
(28|35)
(29|35)
(28|35)
(28|34)
(27|34)
(27|35)
(27|36)
(26|36)
(25|36)
(25|37)
(26|37)
(26|38)
(26|39)
(27|39)
(28|39)
(28|38)
(27|38)
(27|37)
(28|37)
(29|37)
(29|38)
(29|39)
(29|40)
(29|41)
(30|41)
(30|40)
(31|40)
(31|39)
(32|39)
(33|39)
(33|38)
(33|37)
(34|37)
(34|38)
(34|39)
(34|40)
(35|40)
(35|39)
(35|38)
(35|37)
(35|36)
(34|36)
(33|36)
(33|35)
(32|35)
(32|36)
(31|36)
(31|37)
(32|37)
(32|38)
(31|38)
(30|38)
(30|39)
(30|38)
(30|37)
(30|38)
(31|38)
(32|38)
(32|37)
(31|37)
(31|36)
(32|36)
(32|35)
(33|35)
(33|34)
(34|34)
(34|35)
(35|35)
(36|35)
(36|34)
(37|34)
(38|34)
(38|35)
(39|35)
(40|35)
(41|35)
(42|35)
(42|34)
(43|34)
(43|33)
(44|33)
(44|32)
(43|32)
(42|32)
(42|31)
(43|31)
(43|30)
(43|29)
(42|29)
(41|29)
(40|29)
(40|30)
(41|30)
(42|30)
(41|30)
(41|31)
(40|31)
(40|32)
(40|33)
(41|33)
(42|33)
(41|33)
(41|34)
(40|34)
(39|34)
(39|33)
(39|32)
(39|31)
(38|31)
(38|30)
(37|30)
(37|31)
(36|31)
(36|32)
(37|32)
(38|32)
(38|33)
(37|33)
(36|33)
(35|33)
(35|34)
(35|33)
(35|32)
(34|32)
(34|33)
(33|33)
(34|32)
(34|31)
(35|31)
(35|30)
(36|30)
(36|29)
(37|29)
(38|29)
(38|28)
(37|28)
(37|27)
(38|27)
(39|27)
(39|28)
(40|28)
(41|28)
(41|27)
(42|27)
(42|26)
(41|26)
(41|25)
(41|24)
(42|24)
(43|24)
(43|25)
(42|25)
(43|25)
(43|26)
(43|27)
(43|28)
(44|28)
(45|28)
(45|27)
(45|26)
(45|25)
(44|25)
(44|26)
(44|27)
(44|25)
(44|24)
(45|24)
(45|23)
(46|23)
(47|23)
(47|24)
(47|25)
(48|25)
(49|25)
(49|26)
(48|26)
(48|27)
(48|28)
(47|28)
(47|29)
(46|29)
(45|29)
(45|30)
(45|31)
(44|31)
(44|30)
(44|29)
(45|31)
(45|32)
(45|33)
(45|34)
(45|35)
(44|35)
(44|36)
(45|36)
(45|37)
(46|37)
(46|36)
(46|35)
(47|35)
(47|34)
(48|34)
(49|34)
(49|35)
(49|36)
(49|37)
(48|37)
(48|38)
(49|38)
(49|39)
(49|40)
(49|41)
(48|41)
(48|40)
(48|39)
(47|39)
(46|39)
(46|40)
(47|40)
(47|41)
(46|41)
(45|41)
(45|42)
(44|42)
(44|41)
(43|41)
(42|41)
(41|41)
(41|42)
(40|42)
(40|43)
(40|44)
(40|45)
(39|45)
(39|44)
(38|44)
(37|44)
(37|43)
(36|43)
(35|43)
(35|44)
(35|45)
(36|45)
(36|46)
(37|46)
(37|47)
(38|47)
(38|46)
(39|46)
(39|47)
(39|48)
(40|48)
(41|48)
(42|48)
(42|47)
(43|47)
(44|47)
(44|46)
(45|46)
(45|45)
(45|44)
(44|44)
(44|45)
(43|45)
(42|45)
(42|46)
(43|46)
(42|46)
(41|46)
(41|47)
(40|47)
(40|46)
(41|46)
(41|45)
(41|44)
(41|43)
(42|43)
(43|43)
(44|43)
(45|43)
(46|43)
(46|44)
(46|45)
(46|46)
(46|47)
(46|48)
(45|48)
(44|48)
(44|49)
(45|49)
(46|49)
(47|49)
(48|49)
Congratulations, you have successfully found your way through the Elastic Path blackout maze. Based on your problem solving skills, we would love to talk to you about our software development opportunities in our Vancouver, BC and Reading, United Kingdom offices. Don't be shy, let's chat! Start by applying via the unique link below and include the following phrase:

Phrase: "In the blackest night, no hidden path shall escape my sight!"

Link: http://tbe.taleo.net/NA1/ats/careers/requisition.jsp?org=EKKON&cws=38&rid=352
